## htsjdk.samtools.metrics.StringHeader
# CollectInsertSizeMetrics --Histogram_FILE results/homo_sapiens/naiveB/naiveB/picard/hist/naiveB_S2R2_insert_size_histo.pdf --MINIMUM_PCT 0.05 --INPUT results/homo_sapiens/naiveB/naiveB/align/S2R2/naiveB_S2R2.bam --OUTPUT results/homo_sapiens/naiveB/naiveB/picard/insert/naiveB_S2R2_insert_size.txt --VERBOSITY WARNING --DEVIATIONS 10.0 --METRIC_ACCUMULATION_LEVEL ALL_READS --INCLUDE_DUPLICATES false --ASSUME_SORTED true --STOP_AFTER 0 --QUIET false --VALIDATION_STRINGENCY STRICT --COMPRESSION_LEVEL 5 --MAX_RECORDS_IN_RAM 500000 --CREATE_INDEX false --CREATE_MD5_FILE false --GA4GH_CLIENT_SECRETS client_secrets.json --help false --version false --showHidden false --USE_JDK_DEFLATER false --USE_JDK_INFLATER false
## htsjdk.samtools.metrics.StringHeader
# Started on: Mon Feb 09 16:28:46 CST 2026

## METRICS CLASS	picard.analysis.InsertSizeMetrics
MEDIAN_INSERT_SIZE	MODE_INSERT_SIZE	MEDIAN_ABSOLUTE_DEVIATION	MIN_INSERT_SIZE	MAX_INSERT_SIZE	MEAN_INSERT_SIZE	STANDARD_DEVIATION	READ_PAIRS	PAIR_ORIENTATION	WIDTH_OF_10_PERCENT	WIDTH_OF_20_PERCENT	WIDTH_OF_30_PERCENT	WIDTH_OF_40_PERCENT	WIDTH_OF_50_PERCENT	WIDTH_OF_60_PERCENT	WIDTH_OF_70_PERCENT	WIDTH_OF_80_PERCENT	WIDTH_OF_90_PERCENT	WIDTH_OF_95_PERCENT	WIDTH_OF_99_PERCENT	SAMPLE	LIBRARY	READ_GROUP
263	222	87	15	1453258	271.77072	169.122251	19673372	FR	31	63	95	131	175	231	327	1413	6547	15169	69511			

## HISTOGRAM	java.lang.Integer
insert_size	All_Reads.fr_count
15	1
16	3
17	5
18	3
19	4
20	9
21	8
22	14
23	15
24	13
25	20
26	30
27	138
28	251
29	380
30	1109
31	1216
32	1363
33	1498
34	1662
35	2262
36	3110
37	4087
38	4531
39	4939
40	4949
41	5195
42	5418
43	5842
44	6233
45	6475
46	6688
47	6832
48	7265
49	7453
50	7398
51	7842
52	7802
53	7807
54	8077
55	8200
56	8688
57	9121
58	9183
59	9410
60	9689
61	9782
62	10067
63	10025
64	10248
65	10192
66	10882
67	11210
68	11150
69	11689
70	12106
71	12004
72	12212
73	12216
74	12278
75	12915
76	13046
77	13287
78	13935
79	14213
80	14591
81	14519
82	14554
83	15350
84	15246
85	15504
86	15875
87	15853
88	16713
89	16737
90	17201
91	17437
92	17568
93	18607
94	18188
95	18346
96	18863
97	18934
98	19471
99	20393
100	20594
101	20761
102	21033
103	21962
104	21884
105	22542
106	23020
107	22531
108	22706
109	23656
110	24135
111	25133
112	24905
113	25595
114	26123
115	26559
116	26727
117	27226
118	27481
119	27747
120	28262
121	28882
122	29474
123	30129
124	30134
125	30980
126	31084
127	31774
128	32101
129	32317
130	32909
131	33229
132	34399
133	35883
134	35795
135	36466
136	36619
137	36667
138	38012
139	37441
140	38419
141	38896
142	39289
143	40647
144	41398
145	41885
146	41770
147	42537
148	43216
149	43958
150	44524
151	44652
152	45698
153	46259
154	47044
155	47929
156	48443
157	48793
158	49400
159	50023
160	49946
161	50378
162	50724
163	52438
164	52679
165	53161
166	54401
167	54589
168	55220
169	55152
170	56171
171	57218
172	56809
173	59051
174	58406
175	60099
176	59596
177	60465
178	61101
179	61212
180	61484
181	61910
182	62468
183	63039
184	64312
185	64416
186	64843
187	65431
188	66026
189	66081
190	66356
191	66712
192	67209
193	69089
194	68137
195	68751
196	69912
197	69400
198	70763
199	70958
200	71205
201	70926
202	71994
203	72212
204	72817
205	73304
206	72834
207	74198
208	73390
209	73580
210	73300
211	72815
212	74331
213	74956
214	73946
215	75042
216	75185
217	76083
218	74818
219	75462
220	74830
221	75837
222	76439
223	75490
224	75689
225	75146
226	75825
227	75598
228	75758
229	75439
230	74673
231	75212
232	75221
233	75961
234	74884
235	74442
236	74549
237	73965
238	74321
239	72846
240	74123
241	74307
242	72651
243	72658
244	71424
245	72333
246	71889
247	70436
248	70622
249	70886
250	70943
251	70172
252	69667
253	69519
254	69429
255	68614
256	68567
257	67500
258	67780
259	67240
260	67039
261	65881
262	65889
263	65735
264	64500
265	64659
266	62388
267	62821
268	62411
269	62355
270	61822
271	61464
272	59901
273	59659
274	58425
275	59262
276	58068
277	57585
278	57161
279	57066
280	56403
281	55965
282	55635
283	54844
284	54008
285	53344
286	53225
287	53164
288	52290
289	51228
290	50819
291	50485
292	49361
293	48381
294	48784
295	47888
296	48214
297	47255
298	46627
299	46318
300	46265
301	44869
302	44466
303	44111
304	43700
305	41854
306	42250
307	41281
308	41608
309	41044
310	40529
311	39276
312	39105
313	38815
314	38008
315	37273
316	36437
317	35845
318	36240
319	35186
320	35310
321	34361
322	33865
323	34355
324	33161
325	33699
326	31972
327	31753
328	31458
329	30270
330	31461
331	29641
332	28912
333	29198
334	28265
335	28886
336	27530
337	27268
338	27331
339	26400
340	26760
341	25695
342	26029
343	25516
344	24940
345	24155
346	24008
347	23512
348	23292
349	22700
350	22474
351	23187
352	21618
353	21632
354	21072
355	20608
356	20180
357	20343
358	19867
359	19662
360	19227
361	21142
362	18816
363	17895
364	18169
365	17156
366	17463
367	17174
368	17145
369	16525
370	16239
371	15635
372	15709
373	15223
374	14874
375	14849
376	14425
377	14340
378	14094
379	13797
380	14226
381	13172
382	14091
383	12849
384	13073
385	13006
386	12415
387	12345
388	11945
389	12070
390	11794
391	11903
392	11433
393	11043
394	10951
395	10758
396	10861
397	10816
398	11059
399	10133
400	10295
401	10481
402	9943
403	9186
404	9183
405	9117
406	9318
407	9376
408	8765
409	9108
410	8758
411	8588
412	8552
413	8075
414	8438
415	8118
416	8026
417	7689
418	7708
419	7638
420	8034
421	7316
422	7600
423	7045
424	7179
425	7079
426	6850
427	6898
428	6744
429	6777
430	6571
431	6548
432	6414
433	6405
434	6263
435	6001
436	6091
437	5966
438	5850
439	5834
440	5709
441	5586
442	5598
443	5811
444	5138
445	5772
446	5317
447	5431
448	5348
449	4950
450	4967
451	5017
452	4914
453	4961
454	4633
455	4930
456	4730
457	4778
458	4520
459	4795
460	4357
461	4518
462	4346
463	4619
464	4456
465	4248
466	4307
467	4349
468	4073
469	4329
470	3932
471	3969
472	3969
473	4049
474	3986
475	3949
476	3773
477	3703
478	3685
479	3783
480	3807
481	3849
482	3668
483	3669
484	3521
485	3589
486	3536
487	3509
488	3456
489	3339
490	3351
491	3475
492	3297
493	3441
494	3318
495	3334
496	3261
497	3309
498	3377
499	3230
500	3234
501	3095
502	3123
503	3007
504	3091
505	3192
506	2916
507	2988
508	2997
509	2928
510	3002
511	2898
512	3030
513	2990
514	2880
515	3163
516	2948
517	2869
518	2864
519	2796
520	2791
521	2791
522	2661
523	2816
524	2784
525	2905
526	2716
527	2678
528	2675
529	2634
530	2829
531	2774
532	2762
533	2710
534	2559
535	2532
536	2730
537	2596
538	2560
539	2699
540	2567
541	2698
542	2539
543	2488
544	2588
545	2572
546	2577
547	2562
548	2371
549	2585
550	2527
551	2514
552	2422
553	2337
554	2457
555	2408
556	2409
557	2472
558	2470
559	2458
560	2356
561	2402
562	2362
563	2338
564	2415
565	2366
566	2376
567	2410
568	2348
569	2483
570	2419
571	2373
572	2320
573	2310
574	2413
575	2357
576	2289
577	2410
578	2278
579	2325
580	2466
581	2402
582	2212
583	2233
584	2286
585	2216
586	2099
587	2208
588	2323
589	2321
590	2191
591	2151
592	2275
593	2194
594	2152
595	2227
596	2138
597	2321
598	2165
599	2175
600	2180
601	2044
602	2245
603	2141
604	2146
605	2208
606	2038
607	2270
608	2047
609	2153
610	2025
611	2062
612	2023
613	1962
614	1968
615	2100
616	2057
617	2010
618	2078
619	2011
620	2131
621	2093
622	2118
623	1880
624	1951
625	2012
626	2109
627	1980
628	1968
629	1859
630	1981
631	1901
632	1923
633	1875
634	1868
635	1948
636	1872
637	1984
638	1905
639	1937
640	2084
641	1830
642	1931
643	1858
644	1862
645	2004
646	1812
647	1886
648	1745
649	1886
650	1835
651	1948
652	1884
653	1838
654	1882
655	1862
656	1783
657	1896
658	1917
659	1851
660	1902
661	1964
662	1857
663	1961
664	1887
665	1811
666	1900
667	1792
668	1868
669	1858
670	1841
671	1812
672	1929
673	1874
674	1842
675	1794
676	1835
677	1819
678	1801
679	1751
680	1929
681	1818
682	1736
683	1743
684	1817
685	1763
686	1865
687	1743
688	1726
689	1816
690	1824
691	1773
692	1824
693	1739
694	1777
695	1835
696	1783
697	1817
698	1787
699	1817
700	1715
701	1744
702	1637
703	1694
704	1761
705	1654
706	1753
707	1700
708	1785
709	1778
710	1716
711	1663
712	1735
713	1852
714	1721
715	1683
716	1772
717	1699
718	1753
719	1746
720	1713
721	1659
722	1743
723	1758
724	1878
725	1714
726	1692
727	1709
728	1743
729	1789
730	1743
731	1706
732	1706
733	1626
734	1721
735	1683
736	1737
737	1676
738	1709
739	1721
740	1715
741	1680
742	1770
743	1607
744	1657
745	1663
746	1795
747	1736
748	1701
749	1760
750	1639
751	1632
752	1674
753	1682
754	1692
755	1703
756	1743
757	1718
758	1616
759	1558
760	1650
761	1668
762	1699
763	1574
764	1583
765	1686
766	1575
767	1675
768	1582
769	1603
770	1571
771	1678
772	1659
773	1533
774	1540
775	1584
776	1641
777	1637
778	1564
779	1612
780	1516
781	1524
782	1548
783	1535
784	1587
785	1507
786	1564
787	1542
788	1569
789	1486
790	1521
791	1624
792	1536
793	1487
794	1628
795	1568
796	1591
797	1515
798	1533
799	1531
800	1650
801	1525
802	1505
803	1501
804	1482
805	1498
806	1608
807	1633
808	1564
809	1481
810	1437
811	1462
812	1534
813	1503
814	1491
815	1457
816	1491
817	1396
818	1505
819	1551
820	1361
821	1548
822	1510
823	1480
824	1459
825	1499
826	1560
827	1428
828	1476
829	1484
830	1549
831	1424
832	1394
833	1513
834	1414
835	1372
836	1493
837	1378
838	1414
839	1382
840	1447
841	1493
842	1411
843	1420
844	1497
845	1428
846	1466
847	1421
848	1449
849	1498
850	1410
851	1445
852	1412
853	1384
854	1387
855	1461
856	1519
857	1340
858	1411
859	1315
860	1419
861	1477
862	1341
863	1361
864	1439
865	1493
866	1529
867	1367
868	1357
869	1405
870	1444
871	1483
872	1375
873	1465
874	1397
875	1399
876	1492
877	1440
878	1413
879	1409
880	1396
881	1518
882	1500
883	1464
884	1379
885	1407
886	1412
887	1424
888	1383
889	1436
890	1447
891	1462
892	1430
893	1491
894	1356
895	1415
896	1332
897	1489
898	1387
899	1326
900	1358
901	1462
902	1415
903	1338
904	1407
905	1384
906	1376
907	1494
908	1363
909	1335
910	1429
911	1373
912	1502
913	1425
914	1362
915	1413
916	1370
917	1454
918	1450
919	1393
920	1551
921	1413
922	1473
923	1489
924	1362
925	1472
926	1408
927	1481
928	1393
929	1274
930	1445
931	1454
932	1497
933	1425
934	1466
935	1345
936	1472
937	1424
938	1430
939	1367
940	1331
941	1494
942	1441
943	1419
944	1446
945	1394
946	1440
947	1446
948	1463
949	1427
950	1486
951	1452
952	1559
953	1421
954	1435
955	1428
956	1464
957	1485
958	1353
959	1478
960	1385
961	1496
962	1460
963	1439
964	1497
965	1395
966	1464
967	1508
968	1425
969	1498
970	1366
971	1460
972	1384
973	1406
974	1461
975	1370
976	1487
977	1418
978	1405
979	1438
980	1510
981	1371
982	1426
983	1397
984	1501
985	1387
986	1545
987	1455
988	1380
989	1419
990	1491
991	1385
992	1465
993	1459
994	1420
995	1489
996	1413
997	1540
998	1383
999	1495
1000	1330
1001	1529
1002	1462
1003	1372
1004	1554
1005	1432
1006	1463
1007	1403
1008	1442
1009	1481
1010	1468
1011	1522
1012	1517
1013	1600
1014	1576
1015	1489
1016	1498
1017	1499
1018	1466
1019	1562
1020	1416
1021	1514
1022	1415
1023	1517
1024	1734
1025	1534
1026	1495
1027	1495
1028	1470
1029	1690
1030	1443
1031	1504
1032	1464
1033	1515
1034	1497
1035	1601
1036	1516
1037	1487
1038	1551
1039	1381
1040	1584
1041	1418
1042	1631
1043	1455
1044	1397
1045	1516
1046	1417
1047	1436
1048	1525
1049	1415
1050	1642
1051	1425
1052	1826
1053	1596
1054	1492
1055	1595
1056	1371
1057	1430
1058	1489
1059	1521
1060	1603
1061	1469
1062	1741
1063	1429
1064	1510
1065	1691
1066	1626
1067	1540
1068	1360
1069	1452
1070	1609
1071	1513
1072	1732
1073	1490
1074	1670
1075	1497
1076	1634
1077	1670
1078	1532
1079	1766
1080	1383
1081	1590
1082	1424
1083	1687
1084	1773
1085	1582
1086	1759
1087	1448
1088	1539
1089	1612
1090	1375
1091	1733
1092	1403
1093	1606
1094	1670
1095	1688
1096	1685
1097	1606
1098	1515
1099	1561
1100	1708
1101	1580
1102	1454
1103	1832
1104	1438
1105	1646
1106	1828
1107	1420
1108	1636
1109	1310
1110	1725
1111	1544
1112	1731
1113	1669
1114	1451
1115	1432
1116	1546
1117	1521
1118	1836
1119	1430
1120	1883
1121	1714
1122	1374
1123	1623
1124	1447
1125	1437
1126	1393
1127	1282
1128	1533
1129	1497
1130	1503
1131	1623
1132	1450
1133	1488

