## htsjdk.samtools.metrics.StringHeader
# CollectInsertSizeMetrics --Histogram_FILE results/homo_sapiens/naiveB/naiveB/picard/hist/naiveB_S2R4_insert_size_histo.pdf --MINIMUM_PCT 0.05 --INPUT results/homo_sapiens/naiveB/naiveB/align/S2R4/naiveB_S2R4.bam --OUTPUT results/homo_sapiens/naiveB/naiveB/picard/insert/naiveB_S2R4_insert_size.txt --VERBOSITY WARNING --DEVIATIONS 10.0 --METRIC_ACCUMULATION_LEVEL ALL_READS --INCLUDE_DUPLICATES false --ASSUME_SORTED true --STOP_AFTER 0 --QUIET false --VALIDATION_STRINGENCY STRICT --COMPRESSION_LEVEL 5 --MAX_RECORDS_IN_RAM 500000 --CREATE_INDEX false --CREATE_MD5_FILE false --GA4GH_CLIENT_SECRETS client_secrets.json --help false --version false --showHidden false --USE_JDK_DEFLATER false --USE_JDK_INFLATER false
## htsjdk.samtools.metrics.StringHeader
# Started on: Mon Feb 09 16:37:41 CST 2026

## METRICS CLASS	picard.analysis.InsertSizeMetrics
MEDIAN_INSERT_SIZE	MODE_INSERT_SIZE	MEDIAN_ABSOLUTE_DEVIATION	MIN_INSERT_SIZE	MAX_INSERT_SIZE	MEAN_INSERT_SIZE	STANDARD_DEVIATION	READ_PAIRS	PAIR_ORIENTATION	WIDTH_OF_10_PERCENT	WIDTH_OF_20_PERCENT	WIDTH_OF_30_PERCENT	WIDTH_OF_40_PERCENT	WIDTH_OF_50_PERCENT	WIDTH_OF_60_PERCENT	WIDTH_OF_70_PERCENT	WIDTH_OF_80_PERCENT	WIDTH_OF_90_PERCENT	WIDTH_OF_95_PERCENT	WIDTH_OF_99_PERCENT	SAMPLE	LIBRARY	READ_GROUP
272	222	91	17	1222296	283.084512	178.006309	15850014	FR	33	65	101	139	183	243	351	1565	6863	15615	77261			

## HISTOGRAM	java.lang.Integer
insert_size	All_Reads.fr_count
17	4
18	1
19	1
21	4
22	6
23	10
24	8
25	11
26	27
27	118
28	180
29	261
30	805
31	891
32	895
33	1033
34	1148
35	1621
36	2399
37	2896
38	3284
39	3655
40	3682
41	3682
42	3852
43	4204
44	4366
45	4378
46	4697
47	4820
48	5223
49	5166
50	5402
51	5491
52	5333
53	5363
54	5558
55	5927
56	6391
57	6326
58	6607
59	6763
60	6655
61	6712
62	7095
63	7215
64	7316
65	7216
66	7375
67	7984
68	7844
69	8441
70	8368
71	8300
72	8489
73	8770
74	8721
75	8962
76	8730
77	9355
78	10215
79	10066
80	10561
81	10419
82	10372
83	11117
84	10481
85	11097
86	11084
87	11021
88	11831
89	11955
90	12338
91	12469
92	12618
93	12737
94	12935
95	12883
96	13361
97	13082
98	13664
99	14375
100	15019
101	14871
102	14846
103	15488
104	15934
105	16130
106	16326
107	15984
108	15890
109	17008
110	17493
111	18050
112	17773
113	18229
114	18428
115	18471
116	18784
117	19222
118	19712
119	20006
120	20619
121	20536
122	21304
123	21846
124	21892
125	23272
126	22008
127	22393
128	22607
129	23072
130	24034
131	23759
132	24504
133	26038
134	26101
135	26325
136	25957
137	26132
138	27743
139	26788
140	28266
141	28060
142	28808
143	29853
144	30009
145	31157
146	30760
147	30994
148	31193
149	31667
150	32425
151	32700
152	33966
153	34291
154	35187
155	35137
156	35713
157	36583
158	35736
159	36725
160	37261
161	37848
162	37579
163	38036
164	39890
165	39094
166	40844
167	41183
168	40310
169	40450
170	41353
171	42416
172	42137
173	44950
174	43337
175	44638
176	44910
177	45346
178	46115
179	45112
180	45917
181	46367
182	46925
183	47803
184	48791
185	48786
186	49832
187	48775
188	48553
189	50342
190	49867
191	50274
192	50466
193	52453
194	53004
195	52684
196	53442
197	52943
198	53267
199	53679
200	54805
201	53935
202	55275
203	53938
204	56813
205	55235
206	56389
207	58313
208	56387
209	56366
210	56651
211	56519
212	57416
213	57292
214	57382
215	58201
216	57764
217	58760
218	58080
219	58670
220	58369
221	58575
222	60993
223	58791
224	58439
225	58576
226	59103
227	60496
228	59382
229	60280
230	58412
231	59337
232	58753
233	59721
234	58803
235	59412
236	59387
237	58058
238	58951
239	58473
240	59596
241	59833
242	57991
243	57175
244	57020
245	57876
246	57829
247	56999
248	55944
249	57092
250	56553
251	56240
252	56166
253	56444
254	57049
255	55315
256	54907
257	54600
258	55236
259	54903
260	54372
261	53277
262	53479
263	53495
264	52073
265	52296
266	50516
267	51440
268	50826
269	51187
270	50825
271	50747
272	48620
273	48693
274	47701
275	48773
276	47877
277	47350
278	47173
279	47812
280	46304
281	45854
282	46308
283	45298
284	44981
285	43464
286	44138
287	44077
288	43102
289	43023
290	42188
291	42082
292	40918
293	40082
294	40543
295	39533
296	39831
297	39722
298	39631
299	40115
300	39488
301	37739
302	38309
303	36779
304	37491
305	35599
306	35311
307	34968
308	36725
309	35396
310	34776
311	33369
312	33239
313	33161
314	32350
315	32371
316	30958
317	30225
318	31423
319	30444
320	30611
321	29199
322	28397
323	29208
324	27947
325	28207
326	27415
327	26718
328	27355
329	26180
330	26944
331	25385
332	25263
333	25391
334	24380
335	24458
336	23658
337	23928
338	23588
339	22725
340	22786
341	22495
342	22237
343	22231
344	21566
345	21090
346	21183
347	20293
348	20679
349	19556
350	19933
351	20234
352	18856
353	19341
354	18484
355	18247
356	17759
357	18487
358	17694
359	17198
360	16998
361	17226
362	16598
363	15871
364	15615
365	15495
366	15224
367	15118
368	14671
369	14687
370	14494
371	14155
372	14264
373	13668
374	12970
375	13178
376	12908
377	12870
378	12717
379	12672
380	12386
381	11747
382	12257
383	11637
384	11428
385	11619
386	11131
387	11015
388	10714
389	10597
390	10675
391	10560
392	10259
393	9899
394	10244
395	9871
396	9725
397	9463
398	9457
399	9133
400	9248
401	9200
402	9120
403	8414
404	8462
405	8394
406	8297
407	8528
408	7942
409	8298
410	8033
411	7691
412	7915
413	7443
414	7634
415	7674
416	7520
417	7155
418	7065
419	7044
420	7275
421	6839
422	6911
423	6781
424	6290
425	6832
426	6237
427	6408
428	6270
429	6012
430	6017
431	5801
432	5896
433	5941
434	5860
435	5719
436	5615
437	5615
438	5465
439	5477
440	5253
441	5200
442	5097
443	5290
444	4798
445	5236
446	4986
447	4962
448	4922
449	4650
450	4715
451	4661
452	4650
453	4665
454	4413
455	4569
456	4584
457	4413
458	4336
459	4276
460	4142
461	4192
462	4011
463	4098
464	4123
465	3913
466	4176
467	3819
468	3886
469	4098
470	3761
471	3845
472	3826
473	3974
474	3894
475	3715
476	3625
477	3539
478	3645
479	3496
480	3605
481	3796
482	3511
483	3502
484	3366
485	3488
486	3260
487	3304
488	3388
489	3320
490	3323
491	3181
492	3142
493	3144
494	3131
495	3110
496	3220
497	3134
498	3059
499	2931
500	2955
501	3082
502	3090
503	3002
504	2924
505	2927
506	2942
507	2750
508	2773
509	2780
510	2781
511	2805
512	2723
513	2791
514	2654
515	2877
516	2782
517	2596
518	2806
519	2590
520	2661
521	2620
522	2610
523	2725
524	2536
525	2699
526	2556
527	2544
528	2506
529	2411
530	2684
531	2583
532	2574
533	2450
534	2471
535	2464
536	2620
537	2474
538	2478
539	2299
540	2390
541	2373
542	2346
543	2415
544	2412
545	2355
546	2374
547	2337
548	2207
549	2296
550	2284
551	2229
552	2236
553	2267
554	2388
555	2215
556	2318
557	2191
558	2262
559	2308
560	2107
561	2150
562	2166
563	2110
564	2194
565	2111
566	2248
567	2251
568	2138
569	2243
570	2133
571	2081
572	2184
573	2055
574	2198
575	2021
576	2005
577	2122
578	2067
579	2135
580	2048
581	2069
582	2034
583	2123
584	2128
585	2108
586	2126
587	2137
588	2020
589	2095
590	2009
591	2078
592	2009
593	1973
594	2072
595	1934
596	1978
597	2025
598	1815
599	1957
600	1982
601	2006
602	2035
603	1934
604	1958
605	2023
606	1903
607	1850
608	1946
609	1832
610	1948
611	1859
612	1788
613	1868
614	1731
615	1804
616	1772
617	1863
618	1854
619	1802
620	1806
621	1860
622	1870
623	1811
624	1787
625	1829
626	1745
627	1840
628	1850
629	1754
630	1754
631	1825
632	1792
633	1751
634	1686
635	1804
636	1551
637	1748
638	1848
639	1863
640	1757
641	1717
642	1709
643	1670
644	1828
645	1849
646	1730
647	1762
648	1667
649	1753
650	1675
651	1646
652	1718
653	1764
654	1793
655	1809
656	1706
657	1814
658	1678
659	1713
660	1677
661	1712
662	1726
663	1723
664	1694
665	1751
666	1779
667	1644
668	1770
669	1778
670	1770
671	1671
672	1666
673	1706
674	1631
675	1725
676	1652
677	1638
678	1646
679	1671
680	1746
681	1595
682	1543
683	1794
684	1726
685	1617
686	1687
687	1594
688	1696
689	1721
690	1636
691	1606
692	1698
693	1708
694	1761
695	1605
696	1577
697	1605
698	1524
699	1660
700	1567
701	1713
702	1562
703	1632
704	1638
705	1642
706	1530
707	1618
708	1566
709	1598
710	1488
711	1692
712	1554
713	1598
714	1571
715	1479
716	1567
717	1561
718	1626
719	1537
720	1568
721	1455
722	1587
723	1670
724	1620
725	1594
726	1679
727	1623
728	1561
729	1636
730	1631
731	1579
732	1612
733	1544
734	1646
735	1546
736	1622
737	1518
738	1558
739	1598
740	1647
741	1525
742	1557
743	1574
744	1573
745	1717
746	1580
747	1563
748	1523
749	1504
750	1589
751	1514
752	1623
753	1604
754	1467
755	1640
756	1559
757	1540
758	1501
759	1451
760	1595
761	1544
762	1473
763	1482
764	1382
765	1594
766	1438
767	1583
768	1517
769	1429
770	1447
771	1412
772	1515
773	1478
774	1380
775	1466
776	1459
777	1422
778	1412
779	1401
780	1446
781	1514
782	1382
783	1377
784	1482
785	1464
786	1339
787	1407
788	1376
789	1382
790	1429
791	1397
792	1310
793	1498
794	1420
795	1326
796	1374
797	1436
798	1370
799	1448
800	1334
801	1247
802	1406
803	1343
804	1412
805	1298
806	1338
807	1293
808	1348
809	1274
810	1265
811	1299
812	1359
813	1354
814	1243
815	1349
816	1358
817	1269
818	1320
819	1319
820	1334
821	1285
822	1228
823	1288
824	1328
825	1280
826	1295
827	1279
828	1385
829	1327
830	1385
831	1256
832	1239
833	1241
834	1344
835	1240
836	1321
837	1179
838	1226
839	1286
840	1208
841	1139
842	1316
843	1231
844	1263
845	1295
846	1247
847	1320
848	1209
849	1258
850	1212
851	1358
852	1277
853	1282
854	1277
855	1221
856	1363
857	1224
858	1235
859	1304
860	1223
861	1358
862	1174
863	1322
864	1366
865	1212
866	1396
867	1197
868	1281
869	1319
870	1256
871	1349
872	1254
873	1233
874	1320
875	1346
876	1278
877	1266
878	1258
879	1242
880	1203
881	1320
882	1294
883	1260
884	1316
885	1230
886	1295
887	1286
888	1167
889	1291
890	1194
891	1247
892	1323
893	1259
894	1322
895	1239
896	1208
897	1329
898	1217
899	1177
900	1331
901	1294
902	1330
903	1242
904	1345
905	1335
906	1245
907	1268
908	1200
909	1277
910	1275
911	1285
912	1333
913	1317
914	1337
915	1318
916	1151
917	1306
918	1239
919	1284
920	1399
921	1218
922	1314
923	1304
924	1259
925	1319
926	1169
927	1368
928	1213
929	1295
930	1297
931	1221
932	1358
933	1210
934	1267
935	1321
936	1369
937	1290
938	1309
939	1313
940	1258
941	1304
942	1393
943	1314
944	1295
945	1307
946	1321
947	1296
948	1280
949	1367
950	1314
951	1319
952	1278
953	1254
954	1356
955	1258
956	1314
957	1299
958	1257
959	1325
960	1312
961	1315
962	1415
963	1251
964	1364
965	1293
966	1350
967	1265
968	1354
969	1389
970	1259
971	1324
972	1310
973	1180
974	1281
975	1313
976	1391
977	1272
978	1272
979	1322
980	1266
981	1301
982	1275
983	1258
984	1315
985	1276
986	1311
987	1311
988	1228
989	1380
990	1270
991	1308
992	1265
993	1320
994	1448
995	1260
996	1329
997	1232
998	1376
999	1248
1000	1253
1001	1242
1002	1172
1003	1308
1004	1260
1005	1243
1006	1364
1007	1114
1008	1308
1009	1248
1010	1138
1011	1275
1012	1305
1013	1289
1014	1256
1015	1278
1016	1220
1017	1308
1018	1222
1019	1148
1020	1173
1021	1244
1022	1350
1023	1178
1024	1381
1025	1296
1026	1131
1027	1265
1028	1162
1029	1423
1030	1167
1031	1173
1032	1198
1033	1188
1034	1210
1035	1184
1036	1145
1037	1200
1038	1171
1039	1140
1040	1194
1041	1177
1042	1314
1043	1095
1044	1165
1045	1159
1046	1083
1047	1099
1048	1068
1049	1141
1050	1207
1051	1130
1052	1160
1053	1146
1054	1017
1055	1124
1056	1035
1057	1136
1058	1003
1059	1039
1060	1024
1061	1084
1062	1139
1063	1061
1064	1038
1065	1107
1066	1096
1067	1111
1068	1172
1069	1078
1070	1123
1071	1096
1072	1044
1073	1176
1074	1118
1075	1092
1076	1037
1077	1049
1078	1167
1079	1008
1080	1024
1081	975
1082	995
1083	1096
1084	1056
1085	1018
1086	1045
1087	990
1088	1028
1089	1086
1090	1050
1091	1066
1092	1044
1093	1066
1094	1065
1095	1016
1096	1066
1097	1081
1098	978
1099	1039
1100	1073
1101	1019
1102	1054
1103	1085
1104	993
1105	1014
1106	1059
1107	1048
1108	1078
1109	976
1110	976
1111	993
1112	1096
1113	981
1114	1092
1115	933
1116	984
1117	992
1118	1019
1119	973
1120	1007
1121	1066
1122	1009
1123	1039
1124	947
1125	943
1126	1027
1127	923
1128	983
1129	987
1130	974
1131	1042
1132	983
1133	968
1134	940
1135	995
1136	938
1137	969
1138	1034
1139	1003
1140	961
1141	929
1142	978
1143	947
1144	953
1145	942
1146	907
1147	872
1148	910
1149	916
1150	975
1151	928
1152	923
1153	890
1154	901
1155	861
1156	941
1157	883
1158	878
1159	949
1160	903
1161	912
1162	903
1163	858
1164	964
1165	930
1166	943
1167	933
1168	927
1169	888
1170	962
1171	815
1172	907
1173	825
1174	884
1175	903
1176	949
1177	931
1178	895
1179	909
1180	917
1181	947
1182	1011

